[1468899498, 8, 4278242304, 3184315597, 870030022] ..\Shared\event\stream.d (32)

[1468899498, 8, 4278242304, 3184315597, 870030022] ..\Shared\event\stream.d (32)

[1468899498, 8, 4278242304, 3184315597, 870030022] ..\Shared\event\stream.d (32)

[870030022, 8, 4282646732, 4, 870030022] ..\Shared\event\stream.d (32)

[1468899498, 8, 4278242304, 3184315597, 870030022] ..\Shared\event\stream.d (32)

[1468899498, 8, 4278242304, 3184315597, 870030022] ..\Shared\event\stream.d (32)

[1468899498, 8, 4278242304, 3184315597, 870030022] ..\Shared\event\stream.d (32)

[1468899498, 8, 4278242304, 3184315597, 870030022] ..\Shared\event\stream.d (32)

[1468899498, 8, 4278242304, 3184315597, 870030022] ..\Shared\event\stream.d (32)

[1468899498, 8, 4278242304, 3184315597, 870030022] ..\Shared\event\stream.d (32)

[1468899498, 8, 4278242304, 3184315597, 870030022] ..\Shared\event\stream.d (32)

[1468899498, 8, 4278242304, 3184315597, 870030022] ..\Shared\event\stream.d (32)

[1468899498, 8, 4278242304, 3184315597, 870030022] ..\Shared\event\stream.d (32)

[1468899498, 8, 4278242304, 3184315597, 870030022] ..\Shared\event\stream.d (32)

[1468899498, 8, 4278242304, 3184315597, 870030022] ..\Shared\event\stream.d (32)

[1468899498, 8, 4278242304, 3184315597, 870030022] ..\Shared\event\stream.d (32)

[1468899498, 8, 4278242304, 3184315597, 870030022] ..\Shared\event\stream.d (32)

[1468899498, 8, 4278242304, 3184315597, 870030022] ..\Shared\event\stream.d (32)

[1468899498, 8, 4278242304, 3184315597, 870030022] ..\Shared\event\stream.d (32)

[1468899498, 8, 4278242304, 3184315597, 870030022] ..\Shared\event\stream.d (32)

[1468899498, 8, 4278242304, 3184315597, 870030022] ..\Shared\event\stream.d (32)

[1468899498, 8, 4278242304, 3184315597, 870030022] ..\Shared\event\stream.d (32)

[1468899498, 8, 4278242304, 3184315597, 870030022] ..\Shared\event\stream.d (32)

[1468899498, 8, 4278242304, 3184315597, 870030022] ..\Shared\event\stream.d (32)

[1468899498, 8, 4278242304, 3184315597, 870030022] ..\Shared\event\stream.d (32)

[1468899498, 8, 4278242304, 3184315597, 870030022] ..\Shared\event\stream.d (32)

[1468899498, 8, 4278242304, 3184315597, 870030022] ..\Shared\event\stream.d (32)

[1468899498, 8, 4278242304, 3184315597, 870030022] ..\Shared\event\stream.d (32)

[1468899498, 8, 4278242304, 3184315597, 870030022] ..\Shared\event\stream.d (32)

[1468899498, 8, 4278242304, 3184315597, 870030022] ..\Shared\event\stream.d (32)

[1468899498, 8, 4278242304, 3184315597, 870030022] ..\Shared\event\stream.d (32)

[1468899498, 8, 4278242304, 3184315597, 870030022] ..\Shared\event\stream.d (32)

[1468899498, 8, 4278242304, 3184315597, 870030022] ..\Shared\event\stream.d (32)

[1468899498, 8, 4278242304, 3184315597, 870030022] ..\Shared\event\stream.d (32)

[1468899498, 8, 4278242304, 3184315597, 870030022] ..\Shared\event\stream.d (32)

[1468899498, 8, 4278242304, 3184315597, 870030022] ..\Shared\event\stream.d (32)

[1468899498, 8, 4278242304, 3184315597, 870030022] ..\Shared\event\stream.d (32)

[1468899498, 8, 4278242304, 3184315597, 870030022] ..\Shared\event\stream.d (32)

[1468899498, 8, 4278242304, 3184315597, 870030022] ..\Shared\event\stream.d (32)

[1468899498, 8, 4278242304, 3184315597, 870030022] ..\Shared\event\stream.d (32)

[1468899498, 8, 4278242304, 3184315597, 870030022] ..\Shared\event\stream.d (32)

[1468899498, 8, 4278242304, 3184315597, 870030022] ..\Shared\event\stream.d (32)

[1468899498, 8, 4278242304, 3184315597, 870030022] ..\Shared\event\stream.d (32)

[1468899498, 8, 4278242304, 3184315597, 870030022] ..\Shared\event\stream.d (32)

[1468899498, 8, 4278242304, 3184315597, 870030022] ..\Shared\event\stream.d (32)

[1468899498, 8, 4278242304, 1036831949, 870030022] ..\Shared\event\stream.d (32)

[1468899498, 8, 4278242304, 1036831949, 870030022] ..\Shared\event\stream.d (32)

[1468899498, 8, 4278242304, 1036831949, 870030022] ..\Shared\event\stream.d (32)

[1468899498, 8, 4278242304, 1036831949, 870030022] ..\Shared\event\stream.d (32)

[1468899498, 8, 4278242304, 1036831949, 870030022] ..\Shared\event\stream.d (32)

[1468899498, 8, 4278242304, 1036831949, 870030022] ..\Shared\event\stream.d (32)

[1468899498, 8, 4278242304, 1036831949, 870030022] ..\Shared\event\stream.d (32)

[1468899498, 8, 4278242304, 1036831949, 870030022] ..\Shared\event\stream.d (32)

[1468899498, 8, 4278242304, 1036831949, 870030022] ..\Shared\event\stream.d (32)

[1468899498, 8, 4278242304, 1036831949, 870030022] ..\Shared\event\stream.d (32)

[1468899498, 8, 4278242304, 1036831949, 870030022] ..\Shared\event\stream.d (32)

[1468899498, 8, 4278242304, 1036831949, 870030022] ..\Shared\event\stream.d (32)

[1468899498, 8, 4278242304, 1036831949, 870030022] ..\Shared\event\stream.d (32)

[1468899498, 8, 4278242304, 1036831949, 870030022] ..\Shared\event\stream.d (32)

[1468899498, 8, 4278242304, 1036831949, 870030022] ..\Shared\event\stream.d (32)

[1468899498, 8, 4278242304, 1036831949, 870030022] ..\Shared\event\stream.d (32)

[1468899498, 8, 4278242304, 1036831949, 870030022] ..\Shared\event\stream.d (32)

[1468899498, 8, 4278242304, 1036831949, 870030022] ..\Shared\event\stream.d (32)

[1468899498, 8, 4278242304, 1036831949, 870030022] ..\Shared\event\stream.d (32)

[1468899498, 8, 4278242304, 1036831949, 870030022] ..\Shared\event\stream.d (32)

[1468899498, 8, 4278242304, 1036831949, 870030022] ..\Shared\event\stream.d (32)

[1468899498, 8, 4278242304, 1036831949, 870030022] ..\Shared\event\stream.d (32)

[1468899498, 8, 4278242304, 3184315597, 870030022] ..\Shared\event\stream.d (32)

[1468899498, 8, 4278242304, 3184315597, 870030022] ..\Shared\event\stream.d (32)

[1468899498, 8, 4278242304, 3184315597, 870030022] ..\Shared\event\stream.d (32)

[1468899498, 8, 4278242304, 3184315597, 870030022] ..\Shared\event\stream.d (32)

[1468899498, 8, 4278242304, 3184315597, 870030022] ..\Shared\event\stream.d (32)

[1468899498, 8, 4278242304, 3184315597, 870030022] ..\Shared\event\stream.d (32)

[1468899498, 8, 4278242304, 3184315597, 870030022] ..\Shared\event\stream.d (32)

[1468899498, 8, 4278242304, 3184315597, 870030022] ..\Shared\event\stream.d (32)

[1468899498, 8, 4278242304, 3184315597, 870030022] ..\Shared\event\stream.d (32)

